----------NEW MODEL----------
DIMENSIONS
7,32,8,1,
WEIGHTS
NEW LAYER
-0.4042031944071916,0.25785781279512365,-0.058920009183099926,-0.25116832210777595,-0.037214279342000445,0.18521534917839005,-0.08427723111243654,-0.20272604322931922,-0.256441704504462,-0.2440520969783901,0.29537495601710395,0.06984691990698172,-0.17066956480874865,0.19464328185705979,0.3309680042695625,-0.08253870284939993,-0.14895330978565874,-0.39781933240791484,-0.19466478164134876,-0.012127984313550184,0.1467569744869978,0.026905794286742384,0.19734933555517126,0.20594403395203917,0.1863262189416484,0.1791905485064596,0.07196187678288933,0.18891034485015937,0.23996146066920399,-0.5384555381082817,-0.3097265336160765,-0.1344860220495221,
0.29150246469869423,-0.3466698717929444,-0.0651326239222301,0.10477200408926762,0.029108384488430675,0.04445700353536592,0.0609147110497414,0.1416147489702553,0.07018334847172611,0.13085678639772044,-0.09764936983318313,-0.32484178226245264,0.08723920536566437,0.48609287629846,0.14029629052791331,-0.08402411701032664,0.01783040252049036,-0.21983776699823296,-0.34272480178579784,0.42269336134448365,0.5049437025976878,0.20320093308322074,-0.3073643414814945,0.10558262014863001,-0.04640566818413232,-0.044260246772255596,0.16837929097510249,-0.027603181568254115,0.1313331149918336,0.13030321121515817,0.04066350439274573,0.09850725797793607,
0.21941940789934528,-0.12454911777706468,0.1917095145673501,0.3017476039330106,0.3979185010778937,0.03061299515934462,-0.14087075184140488,0.26800197443034496,0.24782264764033282,-0.1749292302762775,0.2012515786340791,0.17716694361422855,0.061029082397103744,-0.16995622453730336,0.22247225054075892,0.019296806758940473,0.4093080896210723,-0.5956681748781226,0.36701936873057744,0.23402362561572287,0.43731478071013813,-0.23325417457013112,0.11946525065987411,-0.002062071156561405,0.1712776214881656,-0.20357596224584942,0.2103672458603971,-0.10469059140444233,-0.06635596169597147,0.21222353573052297,0.04846217192197031,0.07431741829928025,
-0.0516401575679686,0.26174968971141765,0.34011990807227127,0.09356004240202527,0.4542795776413259,0.08192544053016224,-0.19632413215285566,0.09456408943703115,0.09131946094671647,0.17542163874798844,0.028870793700818357,-0.13128753250975064,-0.13999540587615247,0.36646016792129466,-0.056497563875435884,0.18917902410632292,-0.01767609388571884,0.06351641493307318,-0.10079659555954919,0.06661351922534958,-0.26321082390129796,-0.1914762671914459,0.15863511519086956,-0.038286972239737455,0.09453872700648601,0.20505603901129435,0.18909260277994552,-0.2519812149427366,0.04435422685198458,-0.4482954690294917,0.15863028314786723,-0.3262151507196579,
-0.3422057795058586,0.04887184070923845,-0.21749238524966982,-0.10404443106421887,-0.036667261540054875,0.29579710304702317,-0.24819303520296526,0.09266656454480558,-0.053052078080069856,0.3337253075443177,0.14585866046886148,0.41302962241273383,0.01993133347197454,-0.0313811622712561,0.07864967331039412,-0.1281215177434921,0.3701543258500397,0.03529859455228395,0.13011811285857447,-0.10816863957243834,-0.17718550952955667,0.0870195209184955,-0.09555092236853666,0.2074014803972795,-0.01145135074736953,0.10557066810322471,-0.017596852887576973,0.14751675987328888,-0.2314113911465915,-0.11340805006318383,0.028807496436785773,-0.20788037276003454,
-0.3131011692338691,0.4345244618487731,0.05442141691562088,-0.06529700842839314,-0.2740923136518783,0.39042164783883815,0.2798234100585455,0.016056637797919535,0.7016697764179057,0.19016186469377713,0.008573249993729722,0.16798305073898576,0.30198556047735137,0.021299483213390088,-0.13644693249896955,-0.03608710685968341,-0.027772819539766295,-0.18806690039647744,0.24497355484462782,-0.1018326427420238,-0.14649070222539304,-0.009424443947980275,-0.2694406062189275,0.2906857610589744,-0.12210486259624928,-0.2901656965595143,0.3168085846416984,-0.20692703471951893,0.09986200606726091,-0.1327204940781366,-0.18153877465656756,0.6369109199349373,
0.31844056092091516,-0.1264563921383131,-0.01817773524236088,-0.12202991224513612,-0.08090125568512406,0.15643692434003692,-0.22768696069712974,-0.2539905176040421,0.06268242174065006,-0.5182087430585924,-0.06591042923059817,0.018077881547251252,-0.009651303455728432,-0.08684144943330069,0.31654182110160356,0.3587654033222784,0.04485597411392453,-0.42961550449280145,0.4259511191410314,-0.1278899203354872,0.2731845444717806,-0.011449271585845187,0.03668266067639296,0.1764312263249354,0.03777816101093245,-0.02421892704849989,0.050303421407140836,0.3002807493432247,0.08220214270709596,-0.052308605066031355,-0.1914162000819648,-0.13508138770248812,

NEW LAYER
-0.2960521766199102,0.18657309191741547,0.009719205403324547,0.11506075180920958,-0.21860894107986362,-0.07108719767758069,0.30432093206249805,0.2541823224829148,
-0.013525310706545968,0.360608278217901,-0.2565253966588063,0.06601480272834738,0.41025519575655944,-0.07837382892318027,0.02184617282003013,-0.0666131089321782,
-0.07799183495570992,-0.015142842020879827,0.2797900995865388,-0.03529514812117869,-0.36217059410158264,-0.045097509065274495,0.18496044131530406,0.1548457534212429,
0.10983069518172961,0.36985603378633525,0.04928490510840504,0.05006479997962294,-0.06282422783536887,-0.0009157696008795195,-0.19219233848454578,0.22835361600720702,
-0.23195126815743813,0.08218735314643043,-0.35462254284251504,-0.07070820219083504,0.0053237898136081095,-0.38756030186442814,-0.4816163376351433,-0.11925252284716063,
0.061304036232186686,-0.1778560156952346,-0.4350471802769516,-0.017178894096753,0.04738849207098148,0.17378107422237687,-0.19873180464147,0.22646886746711162,
-0.1220250441928512,0.23063556051013112,0.13830799703437593,-0.02762127368854184,-0.0018969665112307103,-0.17795574180022394,-0.05243067923165899,0.048621588577120775,
0.23536871487382088,-0.1852694981312121,-0.013773804970302042,0.08237989053205128,0.14794977348354935,-0.07124722833729262,0.1362077621854855,0.4726277208709177,
0.02282859093977004,0.40115998342022374,0.2352740509442296,-0.2625610809072906,0.11078909321562186,0.09340008394097997,-0.09553220692054727,0.17916543296002563,
0.44655331336087156,-0.2009813686963605,0.28286988477293956,-0.05946472587101291,0.14210358267131387,-0.33067346239672196,0.04809862360930272,0.2779902322014474,
-0.16050468858391345,-0.09972107127913127,0.37525873490461603,0.17354588695474188,0.017587221425959986,0.31972094610613144,-0.2864245499953776,-0.1512710958910778,
0.28567223241627004,0.17749267728794962,-0.09136265115209478,0.2453202595763836,0.010619449239923515,0.16004322817601355,-0.2445534307867618,0.18682506383593056,
0.6497395864281618,-0.06854988402908363,-0.013106406256787523,-0.047663514093076786,0.40779744798948636,-0.1673969022380621,0.0864846939396222,-0.08190753358561383,
-0.04908987823519567,0.4477432061874042,-0.40615206650490343,0.05555528092478141,-0.42269411788040906,0.009199688763035837,-0.08856606919490824,-0.21771297580468715,
0.15177736962812277,0.09938628354084579,0.15450688623939415,0.44439048980414175,-0.04759225629741253,0.19993081599724302,-0.36642671979368546,0.13299699594393108,
0.07657288472407739,0.26336987879547247,0.13007477408743515,0.1270080737838183,-0.17407366701279087,-0.04818590026960677,-0.10431459214803263,-0.1042615320840984,
-0.20627755695203218,0.31465337093770146,-0.35969170135213213,0.02293478332453592,0.1713870285821289,0.21552796766223173,0.04679742303647983,-0.1746849256244588,
0.05316286103071569,0.034040020476342026,0.02487425222151227,0.2261505387591581,0.14471569900076534,0.1317155844446341,-0.13296832409876827,-0.21804351020075843,
-0.23457255901609156,-0.051189977330986056,0.08016330891943997,0.11776355517522893,0.4297869527551316,-0.18807871774487434,-0.07173631207287116,0.10682730483471921,
0.1971442596500092,-0.12322592247966178,0.33576388335903457,0.4258184537584788,-0.2933421754452759,0.23712673172757928,0.29439513126301514,-0.07357112095503077,
0.24393023958600918,0.0056117219296729194,0.06239614277220696,0.3170734699182425,-0.42185081736490493,0.1796489462477303,0.18740596523857836,-0.2538081211989114,
0.26454284863971506,-0.08537249777756599,-0.1560827776414826,0.11414135529875251,-0.10684912887306654,0.2393740232487769,0.012379508700940187,-0.07736881944057347,
0.0023233069100249562,-0.06033628205567422,-0.007489200464637258,0.3571280574911715,-0.06958924593029303,0.27701124464353616,0.25419228594096294,-0.14849237715606325,
0.350516758460646,0.13242028004859085,-0.18605785112755202,0.0169435368486711,-0.2756779801393541,-0.19867948988882547,-0.4509952047901342,-0.04950297177562397,
-0.09428531173625711,-0.18776263350860745,-0.08945244526619743,0.029100444898692446,0.07762123639483744,0.05625789576525345,0.36527223177159734,0.11307236295104144,
0.26900108959745445,-0.3030777849540423,0.5148617781090573,0.4211432377532033,0.04460599649405932,-0.12574617090313714,-0.23765822019837418,-0.10969154569877418,
0.060799169785200585,-0.21897060889523515,-0.09466398106297075,0.2127928843342115,0.02935302457704262,-0.4371358327434988,-0.3337964567738674,-0.05365361505720478,
0.010411353495101092,-0.13496654023840382,0.39702169191321,-0.04659150150846815,-0.08231387700804604,0.13687224861607833,-0.009248891998376862,0.11037165812580993,
-0.09610752108181732,-0.37712936570330513,-0.1787629308751599,-0.25293215746727976,-0.2746428253146569,-0.15240395066987295,-0.10988163074936962,-0.2566925436888389,
-0.3212410278381769,-0.3388698773902135,0.0066893044204787665,0.37447152892937124,-0.20373443112683207,0.2120023407066285,0.006736877004953967,0.06378001561954702,
0.21255241833333013,-0.15926940410319404,-0.2563605430695901,-0.33464811105728665,0.3106634832579169,-0.0028603819449002084,0.14646074304239473,-0.25517902812630117,
0.15434354148598603,0.15180683832367795,-0.13226655903429527,0.06242844846635104,0.10444425797180161,0.1195432890976777,-0.15969198627618345,0.19415121320115006,

NEW LAYER
-0.8531817330316351,
-0.12736172528041556,
-0.24278891069951355,
0.4635036246485859,
-0.1255808372179593,
0.18540565859609204,
1.0657518589201138,
-0.06878770752067974,

BIASES:

NEW LAYER
[-0.09524457  0.20059387  0.24943733  0.24090244 -0.15335328  0.32324758
 -0.02223995 -0.12299713 -0.46898598  0.33815421 -0.3724194  -0.47086232
 -0.20667106  0.11791994  0.19893843 -0.17085329 -0.1111802   0.12974628
  0.21536621  0.269798   -0.06622833 -0.01426097  0.29627796  0.17416138
  0.62533925  0.13701285  0.04535428  0.46747763 -0.218364   -0.176865
  0.09137802 -0.12181341],
NEW LAYER
[ 0.39168166 -0.05721985 -0.11444576 -0.01853669 -0.27039277 -0.06534088
 -0.06722315 -0.23725665],
NEW LAYER
[0.11911598],